A 0.986493 -0.0180676 1.0 0.7
A 1.98752 -0.0365035 1.0 0.7
A 2.98749 0.0083332 1.0 0.7
A 3.98818 0.0655486 1.0 0.7
A 4.98717 0.112148 1.0 0.7
A 5.98755 0.163574 1.0 0.7
A 6.98629 0.229239 1.0 0.7
A 7.62234 0.0736807 1.0 0.7
A 7.79846 -0.91217 1.0 0.7
A 7.67711 -1.90635 1.0 0.7
A 7.6859 -2.90821 1.0 0.7
A 7.69009 -3.91041 1.0 0.7
A 7.69019 -4.91264 1.0 0.7
A 7.71965 -5.91299 1.0 0.7
A 7.63985 -6.91047 1.0 0.7
A 7.62153 -7.91081 1.0 0.7
A 7.66388 -8.91215 1.0 0.7
A 7.69645 -9.91181 1.0 0.7
A 7.6461 -10.913 1.0 0.7
A 7.62223 -11.914 1.0 0.7
A 7.58596 -12.9148 1.0 0.7
A 7.54673 -13.9144 1.0 0.7
A 7.24471 -14.3119 1.0 0.7
A 6.24314 -14.2881 1.0 0.7
A 5.24186 -14.3008 1.0 0.7
A 4.24212 -14.2304 1.0 0.7
A 3.24282 -14.1538 1.0 0.7
A 2.2421 -14.1321 1.0 0.7
A 1.24103 -14.1089 1.0 0.7
A 0.240277 -14.0957 1.0 0.7
A -0.76114 -14.1021 1.0 0.7
A -1.76327 -14.1091 1.0 0.7
A -2.76789 -14.1194 1.0 0.7
A -3.76937 -14.1364 1.0 0.7
A -4.76988 -14.1555 1.0 0.7
A -5.77062 -14.1931 1.0 0.7
A -6.77185 -14.2394 1.0 0.7
A -7.77392 -14.2261 1.0 0.7
A -8.772 -14.1554 1.0 0.7
A -9.77267 -14.1696 1.0 0.7
A -10.7744 -14.1709 1.0 0.7
A -11.7751 -14.1812 1.0 0.7
A -12.7773 -14.1813 1.0 0.7
A -13.7797 -14.1888 1.0 0.7
A -14.7819 -14.2057 1.0 0.7
A -15.7287 -14.5309 1.0 0.7
A -16.034 -15.4834 1.0 0.7
A -15.9883 -16.4833 1.0 0.7
A -15.8948 -17.4794 1.0 0.7
A -15.4575 -18.381 1.0 0.7
A -14.8843 -19.2021 1.0 0.7
A -14.3755 -20.0634 1.0 0.7
A -14.2073 -21.0505 1.0 0.7
A -14.2652 -22.0495 1.0 0.7
A -14.3143 -23.049 1.0 0.7
A -14.3605 -24.0485 1.0 0.7
A -14.4235 -25.0478 1.0 0.7
A -14.4907 -26.0483 1.0 0.7
A -14.5443 -27.0473 1.0 0.7
A -14.497 -28.0478 1.0 0.7
A -14.5465 -29.0506 1.0 0.7
A -14.5072 -30.0532 1.0 0.7
A -14.4757 -31.0564 1.0 0.7
A -14.4486 -32.0576 1.0 0.7
A -14.5124 -33.0561 1.0 0.7
A -14.6345 -34.0497 1.0 0.7
A -14.6665 -35.0509 1.0 0.7
A -14.7248 -36.0517 1.0 0.7
A -14.7387 -37.0516 1.0 0.7
A -14.7724 -38.0544 1.0 0.7
A -14.7796 -39.0567 1.0 0.7
A -14.7951 -40.0644 1.0 0.7
A -15.1603 -40.9588 1.0 0.7
A -16.1573 -41.0573 1.0 0.7
A -17.1569 -41.0219 1.0 0.7
A -18.1504 -40.8883 1.0 0.7
A -19.1504 -40.8391 1.0 0.7
A -20.153 -40.7925 1.0 0.7
A -21.1558 -40.8163 1.0 0.7
A -22.1573 -40.8484 1.0 0.7
A -23.1585 -40.8663 1.0 0.7
A -24.161 -40.8874 1.0 0.7
A -25.1612 -40.9071 1.0 0.7
A -26.1643 -40.9347 1.0 0.7
A -27.1675 -40.9316 1.0 0.7
A -28.1676 -40.8721 1.0 0.7
A -29.1687 -40.8174 1.0 0.7
A -30.1719 -40.8208 1.0 0.7
A -31.1719 -40.7889 1.0 0.7
A -32.1718 -40.7589 1.0 0.7
A -33.1979 -40.7209 1.0 0.7
A -34.2006 -40.6835 1.0 0.7
A -35.203 -40.7056 1.0 0.7
A -36.2051 -40.7632 1.0 0.7
A -37.2055 -40.7263 1.0 0.7
A -38.2047 -40.6801 1.0 0.7
A -39.2071 -40.7156 1.0 0.7
A -40.2091 -40.77 1.0 0.7
A -41.2077 -40.7115 1.0 0.7
A -42.2108 -40.7066 1.0 0.7
A -43.212 -40.6897 1.0 0.7
A -44.2134 -40.6676 1.0 0.7
A -45.2159 -40.6577 1.0 0.7
A -46.2196 -40.6473 1.0 0.7
A -47.2233 -40.648 1.0 0.7
A -48.224 -40.6576 1.0 0.7
A -49.2239 -40.6775 1.0 0.7
A -50.227 -40.7075 1.0 0.7
A -51.2195 -40.5671 1.0 0.7
A -52.2216 -40.5564 1.0 0.7
A -53.2244 -40.553 1.0 0.7
A -54.228 -40.5416 1.0 0.7
A -55.2299 -40.5309 1.0 0.7
A -56.2312 -40.5079 1.0 0.7
A -57.234 -40.491 1.0 0.7
A -58.2371 -40.4653 1.0 0.7
A -59.2373 -40.4319 1.0 0.7
A -60.1908 -40.123 1.0 0.7
A -60.9678 -39.4889 1.0 0.7
A -61.783 -38.9087 1.0 0.7
A -62.784 -38.8852 1.0 0.7
A -63.7788 -38.9954 1.0 0.7
A -64.7771 -39.0867 1.0 0.7
A -65.7783 -39.0858 1.0 0.7
A -66.7817 -39.0624 1.0 0.7
A -67.7848 -39.0389 1.0 0.7
A -68.7867 -39.0122 1.0 0.7
A -69.7907 -39.0171 1.0 0.7
A -70.7938 -39.0441 1.0 0.7
A -71.7967 -39.0881 1.0 0.7
A -72.7978 -39.0932 1.0 0.7
A -73.7974 -39.0502 1.0 0.7
A -74.7991 -39.0078 1.0 0.7
A -75.8017 -38.9724 1.0 0.7
A -76.803 -38.9391 1.0 0.7
A -77.8066 -38.926 1.0 0.7
A -78.8003 -39.0597 1.0 0.7
A -79.776 -39.2869 1.0 0.7
A -80.7746 -39.3709 1.0 0.7
A -81.778 -39.391 1.0 0.7
A -82.7777 -39.3257 1.0 0.7
A -83.7758 -39.4225 1.0 0.7
A -84.7665 -39.5626 1.0 0.7
A -85.7667 -39.6011 1.0 0.7
A -86.7669 -39.5971 1.0 0.7
A -87.7684 -39.5878 1.0 0.7
A -88.7708 -39.5956 1.0 0.7
A -89.7724 -39.5927 1.0 0.7
A -90.7764 -39.6025 1.0 0.7
A -91.7796 -39.6044 1.0 0.7
A -92.7821 -39.6111 1.0 0.7
A -93.7829 -39.6214 1.0 0.7
A -94.7813 -39.6817 1.0 0.7
A -95.6426 -40.1913 1.0 0.7
A -96.5136 -40.6859 1.0 0.7
A -97.4085 -41.1331 1.0 0.7
A -98.3026 -41.5893 1.0 0.7
A -99.1896 -42.0571 1.0 0.7
A -100.111 -42.4541 1.0 0.7
A -101.114 -42.4789 1.0 0.7
A -102.115 -42.5199 1.0 0.7
A -103.117 -42.5568 1.0 0.7
A -104.119 -42.5806 1.0 0.7
A -105.119 -42.5722 1.0 0.7
A -106.118 -42.4847 1.0 0.7
A -107.119 -42.4274 1.0 0.7
A -108.121 -42.4574 1.0 0.7
A -109.121 -42.4109 1.0 0.7
A -110.123 -42.386 1.0 0.7
A -111.125 -42.3818 1.0 0.7
A -112.128 -42.3447 1.0 0.7
A -113.13 -42.3046 1.0 0.7
A -114.131 -42.2595 1.0 0.7
A -115.133 -42.2169 1.0 0.7
A -116.136 -42.1876 1.0 0.7
A -117.139 -42.1591 1.0 0.7
A -118.142 -42.1338 1.0 0.7
A -119.144 -42.1093 1.0 0.7
A -120.148 -42.091 1.0 0.7
A -121.149 -42.0595 1.0 0.7
A -122.153 -42.0387 1.0 0.7
A -123.152 -42.1185 1.0 0.7
A -124.152 -42.1486 1.0 0.7
A -125.155 -42.1541 1.0 0.7
A -126.155 -42.0937 1.0 0.7
A -127.156 -42.0531 1.0 0.7
A -128.158 -42.0881 1.0 0.7
A -129.16 -42.1261 1.0 0.7
A -130.159 -42.1707 1.0 0.7
A -131.159 -42.2093 1.0 0.7
A -132.163 -42.2304 1.0 0.7
A -133.162 -42.2755 1.0 0.7
A -134.163 -42.309 1.0 0.7
A -135.164 -42.273 1.0 0.7
A -136.167 -42.2211 1.0 0.7
A -137.167 -42.1705 1.0 0.7
A -138.168 -42.1299 1.0 0.7
A -139.168 -42.0896 1.0 0.7
A -140.169 -42.0962 1.0 0.7
A -141.17 -42.1628 1.0 0.7
A -142.17 -42.1665 1.0 0.7
A -143.174 -42.1827 1.0 0.7
A -144.177 -42.1783 1.0 0.7
A -145.179 -42.1324 1.0 0.7
A -146.178 -42.0846 1.0 0.7
A -147.178 -42.0444 1.0 0.7
A -148.176 -42.138 1.0 0.7
A -149.169 -42.2817 1.0 0.7
A -150.164 -42.4049 1.0 0.7
A -151.164 -42.4259 1.0 0.7
A -152.151 -42.2473 1.0 0.7
A -153.152 -42.1777 1.0 0.7
A -154.153 -42.2141 1.0 0.7
A -155.153 -42.1816 1.0 0.7
A -156.155 -42.1726 1.0 0.7
A -157.155 -42.2001 1.0 0.7
A -158.15 -42.3223 1.0 0.7
A -159.149 -42.2909 1.0 0.7
A -160.149 -42.3359 1.0 0.7
A -161.152 -42.365 1.0 0.7
A -162.119 -42.6233 1.0 0.7
A -163.09 -42.8675 1.0 0.7
A -164.071 -43.0834 1.0 0.7
A -165.05 -43.3024 1.0 0.7
A -166.028 -43.5241 1.0 0.7
A -167.005 -43.7427 1.0 0.7
A -168.006 -43.7928 1.0 0.7
A -169.008 -43.7772 1.0 0.7
A -170.005 -43.8652 1.0 0.7
A -171.008 -43.8733 1.0 0.7
A -172.011 -43.8856 1.0 0.7
A -173.014 -43.8893 1.0 0.7
A -174.016 -43.9124 1.0 0.7
A -175.019 -43.9381 1.0 0.7
A -176.021 -43.9615 1.0 0.7
A -177.023 -43.9845 1.0 0.7
A -178.027 -43.9959 1.0 0.7
A -179.03 -44.0073 1.0 0.7
A -180.031 -44.0374 1.0 0.7
A -181.034 -44.0691 1.0 0.7
A -182.038 -44.0835 1.0 0.7
A -183.039 -44.1107 1.0 0.7
A -184.04 -44.1517 1.0 0.7
A -185.043 -44.1733 1.0 0.7
A -186.044 -44.1965 1.0 0.7
A -187.044 -44.2344 1.0 0.7
A -188.045 -44.2639 1.0 0.7
A -189.075 -44.2804 1.0 0.7
A -190.076 -44.2455 1.0 0.7
A -191.077 -44.2396 1.0 0.7
A -192.076 -44.3194 1.0 0.7
A -193.078 -44.3716 1.0 0.7
A -194.081 -44.3844 1.0 0.7
A -195.082 -44.3979 1.0 0.7
A -196.085 -44.422 1.0 0.7
A -197.086 -44.3651 1.0 0.7
A -198.087 -44.3132 1.0 0.7
A -199.086 -44.2564 1.0 0.7
A -200.088 -44.1996 1.0 0.7
A -201.089 -44.1385 1.0 0.7
A -202.095 -44.0578 1.0 0.7
A -203.096 -43.9966 1.0 0.7
A -204.096 -43.9357 1.0 0.7
A -205.094 -43.8613 1.0 0.7
A -206.094 -43.8011 1.0 0.7
A -207.093 -43.7443 1.0 0.7
A -208.096 -43.7 1.0 0.7
A -209.096 -43.6488 1.0 0.7
A -210.097 -43.6158 1.0 0.7
A -211.097 -43.5793 1.0 0.7
A -212.098 -43.5453 1.0 0.7
A -213.098 -43.5118 1.0 0.7
A -214.1 -43.4798 1.0 0.7
A -215.102 -43.4437 1.0 0.7
A -216.102 -43.4122 1.0 0.7
A -217.104 -43.3998 1.0 0.7
A -218.107 -43.3983 1.0 0.7
A -219.1 -43.5278 1.0 0.7
A -220.103 -43.5452 1.0 0.7
A -221.102 -43.5036 1.0 0.7
A -222.095 -43.3643 1.0 0.7
A -223.096 -43.341 1.0 0.7
A -224.096 -43.3092 1.0 0.7
A -225.096 -43.3376 1.0 0.7
A -226.097 -43.3566 1.0 0.7
A -227.1 -43.3786 1.0 0.7
A -228.092 -43.5056 1.0 0.7
A -229.083 -43.65 1.0 0.7
A -230.082 -43.7256 1.0 0.7
A -231.081 -43.7573 1.0 0.7
A -232.081 -43.6871 1.0 0.7
A -233.086 -43.6753 1.0 0.7
A -234.079 -43.7922 1.0 0.7
A -235.079 -43.8665 1.0 0.7
A -236.083 -43.889 1.0 0.7
A -237.083 -43.9215 1.0 0.7
A -238.085 -43.9012 1.0 0.7
A -239.088 -43.8585 1.0 0.7
A -240.091 -43.8769 1.0 0.7
A -241.094 -43.8608 1.0 0.7
A -242.094 -43.8988 1.0 0.7
A -243.095 -43.9202 1.0 0.7
A -244.095 -43.8634 1.0 0.7
A -245.098 -43.8442 1.0 0.7
A -246.099 -43.8487 1.0 0.7
A -247.104 -43.8493 1.0 0.7
A -248.106 -43.8606 1.0 0.7
A -249.108 -43.8692 1.0 0.7
A -250.109 -43.8733 1.0 0.7
A -251.111 -43.8634 1.0 0.7
A -252.109 -43.7853 1.0 0.7
A -253.11 -43.7204 1.0 0.7
A -254.109 -43.6563 1.0 0.7
A -255.111 -43.6243 1.0 0.7
A -256.114 -43.5813 1.0 0.7
A -257.117 -43.5611 1.0 0.7
A -258.117 -43.5365 1.0 0.7
A -259.121 -43.5246 1.0 0.7
A -260.124 -43.5266 1.0 0.7
A -261.125 -43.5127 1.0 0.7
A -262.128 -43.4972 1.0 0.7
A -263.129 -43.4769 1.0 0.7
A -264.132 -43.4669 1.0 0.7
A -265.133 -43.4715 1.0 0.7
A -266.133 -43.4858 1.0 0.7
A -267.134 -43.487 1.0 0.7
A -268.136 -43.4994 1.0 0.7
A -269.139 -43.518 1.0 0.7
A -270.142 -43.5375 1.0 0.7
A -271.145 -43.5422 1.0 0.7
A -272.148 -43.5704 1.0 0.7
A -273.149 -43.5981 1.0 0.7
A -274.149 -43.6268 1.0 0.7
A -275.152 -43.6616 1.0 0.7
A -276.152 -43.6918 1.0 0.7
A -277.15 -43.6263 1.0 0.7
A -278.154 -43.6097 1.0 0.7
A -279.155 -43.5732 1.0 0.7
A -280.155 -43.538 1.0 0.7
A -281.158 -43.5215 1.0 0.7
A -282.157 -43.6023 1.0 0.7
A -283.158 -43.6114 1.0 0.7
A -284.16 -43.5854 1.0 0.7
A -285.163 -43.5698 1.0 0.7
A -286.165 -43.5497 1.0 0.7
A -287.166 -43.5361 1.0 0.7
A -288.166 -43.5306 1.0 0.7
A -289.167 -43.5173 1.0 0.7
A -290.171 -43.4981 1.0 0.7
A -291.171 -43.4858 1.0 0.7
A -292.171 -43.4763 1.0 0.7
A -293.173 -43.4777 1.0 0.7
A -294.176 -43.4862 1.0 0.7
A -295.176 -43.4965 1.0 0.7
A -296.178 -43.5152 1.0 0.7
A -297.178 -43.5226 1.0 0.7
A -298.181 -43.5386 1.0 0.7
A -299.294 -43.5591 1.0 0.7
A -300.295 -43.5843 1.0 0.7
A -301.297 -43.6152 1.0 0.7
A -302.297 -43.6575 1.0 0.7
A -303.296 -43.7078 1.0 0.7
A -304.296 -43.7751 1.0 0.7
A -305.297 -43.8403 1.0 0.7
A -306.295 -43.9247 1.0 0.7
A -307.291 -44.02 1.0 0.7
A -308.287 -44.1109 1.0 0.7
A -309.284 -44.1994 1.0 0.7
A -310.127 -44.7392 1.0 0.7
A -310.384 -45.7075 1.0 0.7
A -310.297 -46.7063 1.0 0.7
A -310.267 -47.7078 1.0 0.7
A -310.24 -48.7078 1.0 0.7
A -310.213 -49.7148 1.0 0.7
A -310.183 -50.722 1.0 0.7
A -310.134 -51.7247 1.0 0.7
A -310.095 -52.7247 1.0 0.7
A -310.065 -53.7274 1.0 0.7
A -310.032 -54.7269 1.0 0.7
A -310.033 -55.7274 1.0 0.7
A -310.07 -56.7288 1.0 0.7
A -310.097 -57.7306 1.0 0.7
A -310.127 -58.7312 1.0 0.7
A -310.139 -59.7342 1.0 0.7
A -310.168 -60.7357 1.0 0.7
A -310.178 -61.7361 1.0 0.7
A -310.189 -62.7388 1.0 0.7
A -310.186 -63.7417 1.0 0.7
A -310.188 -64.7432 1.0 0.7
A -310.183 -65.7439 1.0 0.7
A -310.178 -66.7475 1.0 0.7
A -310.17 -67.7504 1.0 0.7
A -310.163 -68.7527 1.0 0.7
A -310.149 -69.7545 1.0 0.7
A -310.137 -70.7558 1.0 0.7
A -310.495 -71.5925 1.0 0.7
A -311.489 -71.704 1.0 0.7
A -312.49 -71.7413 1.0 0.7
A -313.491 -71.7178 1.0 0.7
A -314.496 -71.7062 1.0 0.7
A -315.498 -71.7056 1.0 0.7
A -316.5 -71.7227 1.0 0.7
A -317.501 -71.7246 1.0 0.7
A -318.485 -71.5466 1.0 0.7
A -318.543 -70.8888 1.0 0.7
A -318.267 -69.9273 1.0 0.7
A -318.041 -68.9527 1.0 0.7
A -318.075 -67.952 1.0 0.7
A -318.062 -66.9491 1.0 0.7
A -318.045 -65.9487 1.0 0.7
A -318.053 -64.9448 1.0 0.7
A -318.051 -63.9397 1.0 0.7
A -318.044 -62.9386 1.0 0.7
A -317.953 -61.9423 1.0 0.7
A -317.843 -60.9479 1.0 0.7
A -317.973 -59.9542 1.0 0.7
A -317.812 -58.9634 1.0 0.7
A -317.794 -57.9627 1.0 0.7
A -317.851 -56.9643 1.0 0.7
A -317.961 -55.9666 1.0 0.7
A -317.902 -54.967 1.0 0.7
A -317.784 -53.9706 1.0 0.7
A -317.701 -52.9737 1.0 0.7
A -317.699 -51.9732 1.0 0.7
A -317.721 -50.9718 1.0 0.7
A -317.751 -49.9694 1.0 0.7
A -317.741 -48.9682 1.0 0.7
A -317.632 -47.9704 1.0 0.7
A -317.514 -46.9766 1.0 0.7
A -317.017 -46.1057 1.0 0.7
A -316.281 -45.4261 1.0 0.7
A -315.674 -44.631 1.0 0.7
A -315.44 -43.6553 1.0 0.7
A -315.423 -42.6522 1.0 0.7
A -315.385 -41.6502 1.0 0.7
A -315.348 -40.6473 1.0 0.7
A -315.373 -39.6453 1.0 0.7
A -315.44 -38.6449 1.0 0.7
A -315.828 -37.7229 1.0 0.7
A -316.651 -37.1537 1.0 0.7
A -317.643 -37.006 1.0 0.7
A -318.639 -36.8916 1.0 0.7
A -319.642 -36.9124 1.0 0.7
A -320.644 -36.9174 1.0 0.7
A -321.645 -36.9024 1.0 0.7
A -322.647 -36.8857 1.0 0.7
A -323.65 -36.8617 1.0 0.7
A -324.653 -36.8443 1.0 0.7
A -325.657 -36.8295 1.0 0.7
A -326.658 -36.8321 1.0 0.7
A -327.661 -36.82 1.0 0.7
A -328.66 -36.7511 1.0 0.7
A -329.658 -36.6632 1.0 0.7
A -330.661 -36.6468 1.0 0.7
A -331.662 -36.6237 1.0 0.7
A -332.664 -36.6048 1.0 0.7
A -333.668 -36.5937 1.0 0.7
A -334.67 -36.5858 1.0 0.7
A -335.673 -36.5907 1.0 0.7
A -336.676 -36.5967 1.0 0.7
A -337.68 -36.5923 1.0 0.7
A -338.68 -36.5882 1.0 0.7
A -339.679 -36.5032 1.0 0.7
A -340.681 -36.482 1.0 0.7
A -341.683 -36.4493 1.0 0.7
A -342.684 -36.4887 1.0 0.7
A -343.685 -36.4691 1.0 0.7
A -344.686 -36.4389 1.0 0.7
A -345.687 -36.415 1.0 0.7
A -346.688 -36.3954 1.0 0.7
A -347.691 -36.3835 1.0 0.7
A -348.691 -36.3646 1.0 0.7
A -349.691 -36.3516 1.0 0.7
A -350.692 -36.3458 1.0 0.7
A -351.693 -36.3522 1.0 0.7
A -352.694 -36.3398 1.0 0.7
A -353.266 -35.5172 1.0 0.7
A -353.396 -34.5219 1.0 0.7
A -353.427 -33.522 1.0 0.7
A -353.517 -32.5251 1.0 0.7
A -353.824 -31.5692 1.0 0.7
A -354.094 -30.6022 1.0 0.7
A -354.432 -29.6603 1.0 0.7
A -354.772 -28.7176 1.0 0.7
A -354.734 -27.7145 1.0 0.7
A -354.688 -26.7153 1.0 0.7
A -354.641 -25.7138 1.0 0.7
A -354.671 -24.7112 1.0 0.7
A -354.711 -23.7106 1.0 0.7
A -354.691 -22.7085 1.0 0.7
A -354.686 -21.7074 1.0 0.7
A -354.678 -20.7048 1.0 0.7
A -354.67 -19.7035 1.0 0.7
A -354.666 -18.7017 1.0 0.7
A -354.668 -17.6998 1.0 0.7
A -354.679 -16.6985 1.0 0.7
A -354.683 -15.6961 1.0 0.7
A -354.685 -14.6925 1.0 0.7
A -354.684 -13.6907 1.0 0.7
A -354.693 -12.6903 1.0 0.7
A -354.718 -11.6881 1.0 0.7
A -354.742 -10.6851 1.0 0.7
A -354.905 -10.1578 1.0 0.7
A -355.906 -10.1192 1.0 0.7
A -356.901 -9.99213 1.0 0.7
A -357.904 -9.98127 1.0 0.7
A -358.907 -9.96133 1.0 0.7
A -359.909 -9.94746 1.0 0.7
A -360.911 -9.92043 1.0 0.7
A -361.914 -9.96924 1.0 0.7
A -362.915 -9.97425 1.0 0.7
A -363.588 -10.2295 1.0 0.7
A -363.852 -11.1957 1.0 0.7
A -363.853 -12.1967 1.0 0.7
A -363.869 -13.1999 1.0 0.7
A -363.867 -14.2035 1.0 0.7
A -363.883 -15.2055 1.0 0.7
A -363.966 -16.2027 1.0 0.7
A -364.037 -17.2013 1.0 0.7
A -364.028 -18.2046 1.0 0.7
A -364.065 -19.2062 1.0 0.7
A -364.118 -20.206 1.0 0.7
A -364.168 -21.2077 1.0 0.7
A -364.22 -22.2065 1.0 0.7
A -364.2 -23.2081 1.0 0.7
A -364.165 -24.2096 1.0 0.7
A -364.132 -25.2103 1.0 0.7
A -364.14 -26.2119 1.0 0.7
A -364.201 -26.9672 1.0 0.7
A -365.203 -27.0201 1.0 0.7
A -366.205 -26.9804 1.0 0.7
A -367.209 -26.9688 1.0 0.7
A -368.209 -26.9697 1.0 0.7
A -369.213 -26.9732 1.0 0.7
A -370.216 -26.973 1.0 0.7
A -371.219 -26.9868 1.0 0.7
A -372.222 -26.9993 1.0 0.7
A -373.127 -26.927 1.0 0.7
A -373.264 -25.936 1.0 0.7
A -373.225 -24.933 1.0 0.7
A -373.105 -23.9375 1.0 0.7
A -373.187 -22.9402 1.0 0.7
A -373.239 -21.9385 1.0 0.7
A -373.313 -20.9394 1.0 0.7
A -373.622 -19.9866 1.0 0.7
A -373.901 -19.0241 1.0 0.7
A -373.959 -18.0245 1.0 0.7
A -373.988 -17.0215 1.0 0.7
A -374.03 -16.0187 1.0 0.7
A -374.07 -15.0173 1.0 0.7
A -374.102 -14.014 1.0 0.7
A -374.133 -13.0143 1.0 0.7
A -374.176 -12.0121 1.0 0.7
A -374.217 -11.0095 1.0 0.7
A -374.256 -10.0091 1.0 0.7
A -374.305 -9.00747 1.0 0.7
A -374.36 -8.00726 1.0 0.7
A -374.403 -7.00779 1.0 0.7
A -374.456 -5.98953 1.0 0.7
A -374.522 -4.98796 1.0 0.7
A -374.597 -3.99065 1.0 0.7
A -374.653 -2.99082 1.0 0.7
A -374.628 -1.98898 1.0 0.7
A -374.613 -0.98787 1.0 0.7
A -374.601 0.0146683 1.0 0.7
A -374.591 1.01623 1.0 0.7
A -374.583 2.01664 1.0 0.7
A -374.575 3.01881 1.0 0.7
A -374.565 4.0207 1.0 0.7
A -374.639 5.02067 1.0 0.7
A -374.808 6.00814 1.0 0.7
A -374.792 7.00957 1.0 0.7
A -374.8 8.01298 1.0 0.7
A -374.703 9.01199 1.0 0.7
A -374.639 10.0108 1.0 0.7
A -374.633 11.0115 1.0 0.7
A -374.627 12.0152 1.0 0.7
A -374.614 13.0162 1.0 0.7
A -374.605 14.0164 1.0 0.7
A -374.604 15.0169 1.0 0.7
A -374.617 16.0171 1.0 0.7
A -374.612 17.0188 1.0 0.7
A -374.638 18.0197 1.0 0.7
A -374.632 19.0199 1.0 0.7
A -374.573 20.0183 1.0 0.7
A -374.524 21.0191 1.0 0.7
A -374.545 22.0223 1.0 0.7
A -374.533 23.0236 1.0 0.7
A -374.472 24.0715 1.0 0.7
A -374.408 25.0716 1.0 0.7
A -374.462 26.0731 1.0 0.7
A -374.461 27.0741 1.0 0.7
A -374.429 28.0743 1.0 0.7
A -374.393 29.0747 1.0 0.7
A -374.36 30.0753 1.0 0.7
A -374.33 31.0785 1.0 0.7
A -374.315 32.0788 1.0 0.7
A -374.305 33.0819 1.0 0.7
A -374.289 34.0856 1.0 0.7
A -374.273 35.089 1.0 0.7
A -374.263 36.0897 1.0 0.7
A -374.259 37.0917 1.0 0.7
A -374.263 38.0947 1.0 0.7
A -374.27 39.0969 1.0 0.7
A -374.254 40.1 1.0 0.7
A -373.744 40.6789 1.0 0.7
A -372.744 40.63 1.0 0.7
A -371.743 40.5853 1.0 0.7
A -370.743 40.5237 1.0 0.7
A -369.744 40.4631 1.0 0.7
A -369.399 40.258 1.0 0.7
A -369.39 39.2578 1.0 0.7
A -369.389 38.2568 1.0 0.7
A -369.466 37.2571 1.0 0.7
A -369.43 36.2546 1.0 0.7
A -369.473 35.2546 1.0 0.7
A -369.532 34.2556 1.0 0.7
A -369.554 33.2525 1.0 0.7
A -369.64 32.2558 1.0 0.7
A -369.711 31.2566 1.0 0.7
A -369.785 30.2588 1.0 0.7
A -369.83 29.2596 1.0 0.7
A -369.346 28.3825 1.0 0.7
A -368.527 27.8088 1.0 0.7
A -367.625 27.3726 1.0 0.7
A -366.724 26.9314 1.0 0.7
A -365.826 26.4875 1.0 0.7
A -364.916 26.0647 1.0 0.7
A -364.009 25.6376 1.0 0.7
A -363.103 25.2056 1.0 0.7
A -362.195 24.7837 1.0 0.7
A -361.283 24.3635 1.0 0.7
A -360.375 23.9426 1.0 0.7
A -359.467 23.519 1.0 0.7
A -358.558 23.0985 1.0 0.7
A -357.644 22.687 1.0 0.7
A -356.729 22.2799 1.0 0.7
A -355.817 21.865 1.0 0.7
A -354.908 21.4437 1.0 0.7
A -354.045 20.9346 1.0 0.7
A -353.226 20.3599 1.0 0.7
A -352.381 19.8204 1.0 0.7
A -351.479 19.38 1.0 0.7
A -350.644 18.8294 1.0 0.7
A -349.805 18.2799 1.0 0.7
A -348.863 17.9444 1.0 0.7
A -347.871 17.7964 1.0 0.7
A -346.868 17.7777 1.0 0.7
A -345.871 17.8644 1.0 0.7
A -344.87 17.9397 1.0 0.7
A -343.87 18.02 1.0 0.7
A -342.87 18.0969 1.0 0.7
A -341.871 18.1888 1.0 0.7
A -340.875 18.2842 1.0 0.7
A -339.876 18.3759 1.0 0.7
A -338.879 18.4753 1.0 0.7
A -337.881 18.5798 1.0 0.7
A -336.886 18.6825 1.0 0.7
A -335.891 18.8098 1.0 0.7
A -334.942 19.1333 1.0 0.7
A -334.083 19.6481 1.0 0.7
A -333.224 20.1637 1.0 0.7
A -332.366 20.6843 1.0 0.7
A -331.504 21.193 1.0 0.7
A -330.583 21.5857 1.0 0.7
A -329.669 21.9922 1.0 0.7
A -328.754 22.3995 1.0 0.7
A -327.837 22.8062 1.0 0.7
A -326.925 23.2252 1.0 0.7
A -326.01 23.632 1.0 0.7
A -325.1 24.047 1.0 0.7
A -324.188 24.4665 1.0 0.7
A -323.246 24.8115 1.0 0.7
A -322.295 25.1249 1.0 0.7
A -321.326 25.3732 1.0 0.7
A -320.356 25.632 1.0 0.7
A -319.387 25.8939 1.0 0.7
A -318.419 26.1555 1.0 0.7
A -317.453 26.4236 1.0 0.7
A -316.483 26.6789 1.0 0.7
A -315.519 26.9532 1.0 0.7
A -314.518 27.0241 1.0 0.7
A -313.518 27.0389 1.0 0.7
A -312.544 27.2682 1.0 0.7
A -311.553 27.4093 1.0 0.7
A -310.552 27.4357 1.0 0.7
A -309.552 27.4776 1.0 0.7
A -308.546 27.5254 1.0 0.7
A -307.548 27.6211 1.0 0.7
A -306.571 27.8404 1.0 0.7
A -305.577 27.9757 1.0 0.7
A -304.576 28.0096 1.0 0.7
A -303.574 28.0718 1.0 0.7
A -302.571 28.1068 1.0 0.7
A -301.574 28.0023 1.0 0.7
A -300.57 28.0499 1.0 0.7
A -299.568 28.0539 1.0 0.7
A -298.567 28.0701 1.0 0.7
A -297.564 28.0888 1.0 0.7
A -296.561 28.1076 1.0 0.7
A -295.559 28.1317 1.0 0.7
A -294.557 28.0924 1.0 0.7
A -293.564 27.9671 1.0 0.7
A -292.561 28.0036 1.0 0.7
A -291.56 27.9746 1.0 0.7
A -290.559 27.9567 1.0 0.7
A -289.558 27.9296 1.0 0.7
A -288.555 27.9072 1.0 0.7
A -287.555 27.89 1.0 0.7
A -286.552 27.8769 1.0 0.7
A -285.552 27.8613 1.0 0.7
A -284.548 27.8562 1.0 0.7
A -283.545 27.8524 1.0 0.7
A -282.543 27.8449 1.0 0.7
A -281.539 27.8416 1.0 0.7
A -280.537 27.8405 1.0 0.7
A -279.533 27.8358 1.0 0.7
A -278.531 27.8289 1.0 0.7
A -277.527 27.8328 1.0 0.7
A -276.525 27.8364 1.0 0.7
A -275.527 27.7434 1.0 0.7
A -274.531 27.6335 1.0 0.7
A -273.535 27.5221 1.0 0.7
A -272.544 27.3896 1.0 0.7
A -271.57 27.1498 1.0 0.7
A -270.579 26.9982 1.0 0.7
A -269.58 26.9314 1.0 0.7
A -268.583 26.8574 1.0 0.7
A -267.583 26.7873 1.0 0.7
A -266.583 26.7201 1.0 0.7
A -265.583 26.6528 1.0 0.7
A -264.583 26.599 1.0 0.7
A -263.584 26.5378 1.0 0.7
A -262.585 26.485 1.0 0.7
A -261.584 26.4326 1.0 0.7
A -260.7 25.963 1.0 0.7
A -260.423 25.0014 1.0 0.7
A -260.483 24.0003 1.0 0.7
A -260.579 23.0029 1.0 0.7
A -260.656 22.0024 1.0 0.7
A -260.746 21.0053 1.0 0.7
A -260.832 20.0088 1.0 0.7
A -261.097 19.0415 1.0 0.7
A -262.042 18.7119 1.0 0.7
A -263.042 18.7753 1.0 0.7
A -264.039 18.8671 1.0 0.7
A -265.043 18.8836 1.0 0.7
A -266.042 18.9565 1.0 0.7
A -267.039 19.0315 1.0 0.7
A -268.04 18.9842 1.0 0.7
A -269.035 18.8597 1.0 0.7
A -270.033 18.7785 1.0 0.7
A -271.031 18.6922 1.0 0.7
A -272.029 18.6156 1.0 0.7
A -273.026 18.5332 1.0 0.7
A -273.913 18.0694 1.0 0.7
A -274.051 17.0779 1.0 0.7
A -274.077 16.0768 1.0 0.7
A -274.056 15.0729 1.0 0.7
A -273.897 14.0851 1.0 0.7
A -273.949 13.0837 1.0 0.7
A -273.955 12.083 1.0 0.7
A -273.893 11.0812 1.0 0.7
A -273.919 10.0803 1.0 0.7
A -273.962 9.07768 1.0 0.7
A -273.935 8.07717 1.0 0.7
A -273.935 7.07531 1.0 0.7
A -273.928 6.07446 1.0 0.7
A -273.924 5.07126 1.0 0.7
A -273.919 4.06761 1.0 0.7
A -273.893 3.06764 1.0 0.7
A -273.857 2.06676 1.0 0.7
A -273.814 1.06712 1.0 0.7
A -273.763 0.066952 1.0 0.7
A -273.479 -0.893093 1.0 0.7
A -272.513 -1.1514 1.0 0.7
A -271.509 -1.15249 1.0 0.7
A -270.517 -1.01827 1.0 0.7
A -269.516 -1.02744 1.0 0.7
A -268.515 -0.986563 1.0 0.7
A -267.514 -0.949129 1.0 0.7
A -266.514 -0.906321 1.0 0.7
A -265.511 -0.884043 1.0 0.7
A -264.65 -1.39503 1.0 0.7
A -264.434 -2.37459 1.0 0.7
A -264.433 -3.3755 1.0 0.7
A -264.586 -4.36715 1.0 0.7
A -264.626 -5.36906 1.0 0.7
A -264.578 -6.37084 1.0 0.7
A -264.533 -7.37022 1.0 0.7
A -264.472 -8.37123 1.0 0.7
A -264.504 -9.37222 1.0 0.7
A -265.25 -10.0422 1.0 0.7
A -266.25 -10.0936 1.0 0.7
A -267.252 -10.1099 1.0 0.7
A -268.252 -10.1196 1.0 0.7
A -269.253 -10.1948 1.0 0.7
A -270.253 -10.2711 1.0 0.7
A -271.253 -10.3424 1.0 0.7
A -272.252 -10.4442 1.0 0.7
A -273.248 -10.5343 1.0 0.7
A -274.248 -10.6244 1.0 0.7
A -275.245 -10.7176 1.0 0.7
A -276.243 -10.8211 1.0 0.7
A -277.237 -10.9316 1.0 0.7
A -278.234 -11.0385 1.0 0.7
A -279.228 -11.1504 1.0 0.7
A -280.223 -11.26 1.0 0.7
A -281.224 -11.3181 1.0 0.7
A -282.226 -11.3604 1.0 0.7
A -283.226 -11.4242 1.0 0.7
A -284.224 -11.4796 1.0 0.7
A -285.223 -11.5374 1.0 0.7
A -286.222 -11.5888 1.0 0.7
A -287.223 -11.6618 1.0 0.7
A -288.209 -11.8477 1.0 0.7
A -289.195 -12.0263 1.0 0.7
A -290.181 -12.2154 1.0 0.7
A -291.164 -12.4163 1.0 0.7
A -292.148 -12.6049 1.0 0.7
A -293.131 -12.7969 1.0 0.7
A -294.112 -12.9892 1.0 0.7
A -295.094 -13.1886 1.0 0.7
A -296.076 -13.3933 1.0 0.7
A -297.051 -13.6177 1.0 0.7
A -298.031 -13.8189 1.0 0.7
A -299.011 -14.0224 1.0 0.7
A -299.992 -14.2352 1.0 0.7
A -300.968 -14.4585 1.0 0.7
A -301.871 -14.8945 1.0 0.7
A -302.703 -15.4511 1.0 0.7
A -303.248 -16.2917 1.0 0.7
A -303.26 -17.2918 1.0 0.7
A -303.257 -18.2918 1.0 0.7
A -303.257 -19.2935 1.0 0.7
A -303.253 -20.2964 1.0 0.7
A -303.242 -21.2998 1.0 0.7
A -303.234 -22.3009 1.0 0.7
A -303.232 -23.3041 1.0 0.7
A -303.217 -24.3071 1.0 0.7
A -303.198 -25.309 1.0 0.7
A -303.008 -26.2932 1.0 0.7
A -302.442 -27.1182 1.0 0.7
A -301.518 -27.5023 1.0 0.7
A -300.52 -27.5783 1.0 0.7
A -299.519 -27.5625 1.0 0.7
A -298.516 -27.574 1.0 0.7
A -297.515 -27.5966 1.0 0.7
A -296.512 -27.6229 1.0 0.7
A -295.512 -27.6418 1.0 0.7
A -294.51 -27.6639 1.0 0.7
A -293.508 -27.6835 1.0 0.7
A -292.505 -27.7036 1.0 0.7
A -291.504 -27.7064 1.0 0.7
A -290.503 -27.7062 1.0 0.7
A -289.5 -27.7081 1.0 0.7
A -288.499 -27.7094 1.0 0.7
A -287.497 -27.6979 1.0 0.7
A -286.496 -27.6749 1.0 0.7
A -285.496 -27.7142 1.0 0.7
A -284.517 -27.9334 1.0 0.7
A -283.517 -27.9079 1.0 0.7
A -282.514 -27.9168 1.0 0.7
A -281.511 -27.9105 1.0 0.7
A -280.508 -27.8922 1.0 0.7
A -279.508 -27.8661 1.0 0.7
A -278.507 -27.8418 1.0 0.7
A -277.504 -27.8195 1.0 0.7
A -276.501 -27.7874 1.0 0.7
A -275.499 -27.7301 1.0 0.7
A -274.499 -27.6691 1.0 0.7
A -273.499 -27.6301 1.0 0.7
A -272.497 -27.5821 1.0 0.7
A -271.497 -27.6599 1.0 0.7
A -270.494 -27.6191 1.0 0.7
A -269.494 -27.5979 1.0 0.7
A -268.493 -27.5694 1.0 0.7
A -267.492 -27.5534 1.0 0.7
A -266.49 -27.5218 1.0 0.7
A -265.488 -27.4969 1.0 0.7
A -264.484 -27.4849 1.0 0.7
A -263.483 -27.4611 1.0 0.7
A -262.484 -27.4209 1.0 0.7
A -261.482 -27.3737 1.0 0.7
A -260.48 -27.343 1.0 0.7
A -259.484 -27.4376 1.0 0.7
A -258.968 -28.2959 1.0 0.7
A -258.89 -29.2944 1.0 0.7
A -258.98 -30.2916 1.0 0.7
A -258.826 -31.2824 1.0 0.7
A -258.844 -32.2842 1.0 0.7
A -258.906 -33.2853 1.0 0.7
A -258.744 -34.2742 1.0 0.7
A -258.604 -35.2646 1.0 0.7
A -258.186 -36.1735 1.0 0.7
A -257.385 -36.7745 1.0 0.7
A -256.445 -37.1201 1.0 0.7
A -255.442 -37.1554 1.0 0.7
A -254.438 -37.1429 1.0 0.7
A -253.438 -37.1583 1.0 0.7
A -252.44 -37.2367 1.0 0.7
A -251.44 -37.235 1.0 0.7
A -250.438 -37.2329 1.0 0.7
A -249.437 -37.2396 1.0 0.7
A -248.44 -37.3337 1.0 0.7
A -247.457 -37.5267 1.0 0.7
A -246.471 -37.7137 1.0 0.7
A -245.473 -37.7789 1.0 0.7
A -244.472 -37.8144 1.0 0.7
A -243.47 -37.8486 1.0 0.7
A -242.469 -37.8743 1.0 0.7
A -241.466 -37.9031 1.0 0.7
A -240.464 -37.9146 1.0 0.7
A -239.462 -37.9174 1.0 0.7
A -238.46 -37.9352 1.0 0.7
A -237.458 -37.9449 1.0 0.7
A -236.456 -37.9538 1.0 0.7
A -235.452 -37.9533 1.0 0.7
A -234.45 -37.9529 1.0 0.7
A -233.448 -37.9358 1.0 0.7
A -232.447 -37.9157 1.0 0.7
A -231.446 -37.8935 1.0 0.7
A -230.443 -37.8919 1.0 0.7
A -229.444 -37.9475 1.0 0.7
A -228.452 -38.0935 1.0 0.7
A -227.458 -38.206 1.0 0.7
A -226.455 -38.1596 1.0 0.7
A -225.454 -38.1992 1.0 0.7
A -224.549 -38.625 1.0 0.7
A -223.71 -39.1703 1.0 0.7
A -222.853 -39.6862 1.0 0.7
A -221.893 -39.969 1.0 0.7
A -220.892 -40.044 1.0 0.7
A -219.89 -40.004 1.0 0.7
A -218.888 -39.9503 1.0 0.7
A -217.887 -39.8918 1.0 0.7
A -216.887 -39.9264 1.0 0.7
A -215.883 -39.9275 1.0 0.7
A -214.882 -39.9192 1.0 0.7
A -213.878 -39.9162 1.0 0.7
A -212.878 -39.9103 1.0 0.7
A -211.877 -39.9025 1.0 0.7
A -210.876 -39.894 1.0 0.7
A -209.86 -39.8772 1.0 0.7
A -208.856 -39.8645 1.0 0.7
A -207.854 -39.8671 1.0 0.7
A -206.851 -39.863 1.0 0.7
A -205.851 -39.8713 1.0 0.7
A -204.843 -39.8859 1.0 0.7
A -203.84 -39.8724 1.0 0.7
A -202.838 -39.8581 1.0 0.7
A -201.835 -39.8417 1.0 0.7
A -200.834 -39.8352 1.0 0.7
A -199.833 -39.8425 1.0 0.7
A -198.833 -39.9313 1.0 0.7
A -197.832 -39.878 1.0 0.7
A -196.831 -39.8732 1.0 0.7
A -195.834 -39.9685 1.0 0.7
A -194.834 -40.0525 1.0 0.7
A -193.833 -40.1077 1.0 0.7
A -192.831 -40.1614 1.0 0.7
A -191.83 -40.2238 1.0 0.7
A -190.828 -40.1892 1.0 0.7
A -189.827 -40.195 1.0 0.7
A -188.827 -40.194 1.0 0.7
A -187.825 -40.2425 1.0 0.7
A -186.824 -40.266 1.0 0.7
A -185.822 -40.2392 1.0 0.7
A -184.818 -40.2606 1.0 0.7
A -183.815 -40.2875 1.0 0.7
A -182.815 -40.3059 1.0 0.7
A -181.812 -40.3262 1.0 0.7
A -180.811 -40.3293 1.0 0.7
A -179.811 -40.3254 1.0 0.7
A -178.808 -40.32 1.0 0.7
A -177.808 -40.3167 1.0 0.7
A -176.806 -40.3143 1.0 0.7
A -175.805 -40.3726 1.0 0.7
A -174.803 -40.4003 1.0 0.7
A -173.801 -40.3574 1.0 0.7
A -172.798 -40.3436 1.0 0.7
A -171.798 -40.3236 1.0 0.7
A -170.797 -40.3167 1.0 0.7
A -169.794 -40.315 1.0 0.7
A -168.793 -40.3132 1.0 0.7
A -167.794 -40.3583 1.0 0.7
A -166.8 -40.2283 1.0 0.7
A -165.799 -40.1822 1.0 0.7
A -164.8 -40.2393 1.0 0.7
A -163.798 -40.2169 1.0 0.7
A -162.795 -40.1846 1.0 0.7
A -161.793 -40.1472 1.0 0.7
A -160.791 -40.1235 1.0 0.7
A -159.789 -40.0674 1.0 0.7
A -158.788 -40.0448 1.0 0.7
A -157.795 -40.1611 1.0 0.7
A -156.799 -40.2589 1.0 0.7
A -155.802 -40.3608 1.0 0.7
A -154.804 -40.4464 1.0 0.7
A -153.802 -40.4382 1.0 0.7
A -152.802 -40.5252 1.0 0.7
A -151.802 -40.4876 1.0 0.7
A -150.809 -40.6135 1.0 0.7
A -149.811 -40.6964 1.0 0.7
A -148.815 -40.6018 1.0 0.7
A -147.812 -40.6171 1.0 0.7
A -146.812 -40.6416 1.0 0.7
A -145.81 -40.6356 1.0 0.7
A -144.81 -40.6736 1.0 0.7
A -143.809 -40.6502 1.0 0.7
A -142.808 -40.5926 1.0 0.7
A -141.807 -40.5906 1.0 0.7
A -140.807 -40.6677 1.0 0.7
A -139.806 -40.6962 1.0 0.7
A -138.805 -40.7153 1.0 0.7
A -137.803 -40.7214 1.0 0.7
A -136.801 -40.7106 1.0 0.7
A -135.801 -40.6252 1.0 0.7
A -134.799 -40.6748 1.0 0.7
A -133.798 -40.7259 1.0 0.7
A -132.797 -40.7017 1.0 0.7
A -131.804 -40.5795 1.0 0.7
A -130.804 -40.6501 1.0 0.7
A -129.806 -40.7394 1.0 0.7
A -128.807 -40.6691 1.0 0.7
A -127.807 -40.6594 1.0 0.7
A -126.805 -40.6863 1.0 0.7
A -125.806 -40.5902 1.0 0.7
A -124.803 -40.5483 1.0 0.7
A -123.803 -40.5044 1.0 0.7
A -122.81 -40.6281 1.0 0.7
A -121.808 -40.6328 1.0 0.7
A -120.807 -40.6314 1.0 0.7
A -119.805 -40.6037 1.0 0.7
A -118.803 -40.5509 1.0 0.7
A -117.801 -40.6019 1.0 0.7
A -116.799 -40.6086 1.0 0.7
A -115.798 -40.5409 1.0 0.7
A -114.797 -40.5134 1.0 0.7
A -113.796 -40.4688 1.0 0.7
A -112.794 -40.4635 1.0 0.7
A -111.798 -40.5848 1.0 0.7
A -110.796 -40.6024 1.0 0.7
A -109.793 -40.6163 1.0 0.7
A -108.79 -40.6299 1.0 0.7
A -107.787 -40.6492 1.0 0.7
A -106.788 -40.6961 1.0 0.7
A -105.786 -40.7452 1.0 0.7
A -104.784 -40.7459 1.0 0.7
A -103.832 -40.436 1.0 0.7
A -102.954 -39.9541 1.0 0.7
A -102.206 -39.2899 1.0 0.7
A -101.37 -38.7351 1.0 0.7
A -100.501 -38.2335 1.0 0.7
A -99.6348 -37.7284 1.0 0.7
A -98.7032 -37.3623 1.0 0.7
A -97.7164 -37.1795 1.0 0.7
A -96.7146 -37.1285 1.0 0.7
A -95.7148 -37.0717 1.0 0.7
A -94.7144 -37.13 1.0 0.7
A -93.7145 -37.108 1.0 0.7
A -92.7126 -37.0967 1.0 0.7
A -91.712 -37.0767 1.0 0.7
A -90.7119 -37.0598 1.0 0.7
A -89.7103 -37.0394 1.0 0.7
A -88.7086 -37.0287 1.0 0.7
A -87.7068 -36.9996 1.0 0.7
A -86.7065 -36.9779 1.0 0.7
A -85.7031 -36.9621 1.0 0.7
A -84.7026 -36.9289 1.0 0.7
A -83.6999 -36.9116 1.0 0.7
A -82.6978 -36.8947 1.0 0.7
A -81.6983 -36.855 1.0 0.7
A -80.6977 -36.8185 1.0 0.7
A -79.6948 -36.7791 1.0 0.7
A -78.6924 -36.758 1.0 0.7
A -77.6919 -36.7166 1.0 0.7
A -76.6892 -36.7373 1.0 0.7
A -75.6886 -36.7775 1.0 0.7
A -74.6862 -36.7994 1.0 0.7
A -73.6841 -36.8569 1.0 0.7
A -72.6939 -37.0179 1.0 0.7
A -71.6926 -37.0878 1.0 0.7
A -70.6931 -37.1728 1.0 0.7
A -69.6903 -37.222 1.0 0.7
A -68.6864 -37.2178 1.0 0.7
A -67.6845 -37.2141 1.0 0.7
A -66.6802 -37.2099 1.0 0.7
A -65.6796 -37.2186 1.0 0.7
A -64.6756 -37.2195 1.0 0.7
A -63.6748 -37.2095 1.0 0.7
A -62.6735 -37.1895 1.0 0.7
A -61.6718 -37.1696 1.0 0.7
A -60.6703 -37.1712 1.0 0.7
A -59.6754 -37.2754 1.0 0.7
A -58.6788 -37.3891 1.0 0.7
A -57.6812 -37.4837 1.0 0.7
A -56.6803 -37.491 1.0 0.7
A -55.6778 -37.4748 1.0 0.7
A -54.6769 -37.4505 1.0 0.7
A -53.6742 -37.4317 1.0 0.7
A -52.6733 -37.4116 1.0 0.7
A -51.672 -37.3852 1.0 0.7
A -50.67 -37.3934 1.0 0.7
A -49.6718 -37.4562 1.0 0.7
A -48.6727 -37.5059 1.0 0.7
A -47.6724 -37.565 1.0 0.7
A -46.6697 -37.6166 1.0 0.7
A -45.6705 -37.6769 1.0 0.7
A -44.6715 -37.7293 1.0 0.7
A -43.673 -37.6535 1.0 0.7
A -42.6701 -37.6868 1.0 0.7
A -41.6685 -37.6979 1.0 0.7
A -40.6674 -37.6858 1.0 0.7
A -39.6673 -37.6792 1.0 0.7
A -38.6646 -37.6842 1.0 0.7
A -37.6645 -37.685 1.0 0.7
A -36.6614 -37.6718 1.0 0.7
A -35.6583 -37.6629 1.0 0.7
A -34.6553 -37.66 1.0 0.7
A -33.653 -37.6377 1.0 0.7
A -32.653 -37.6211 1.0 0.7
A -31.6523 -37.5948 1.0 0.7
A -30.6521 -37.5573 1.0 0.7
A -29.6511 -37.5154 1.0 0.7
A -28.6483 -37.4806 1.0 0.7
A -27.6484 -37.4299 1.0 0.7
A -26.6491 -37.3736 1.0 0.7
A -25.6491 -37.3099 1.0 0.7
A -24.6496 -37.2524 1.0 0.7
A -23.6478 -37.2031 1.0 0.7
A -22.6469 -37.1453 1.0 0.7
A -21.6508 -37.0538 1.0 0.7
A -20.8006 -36.5247 1.0 0.7
A -20.3998 -35.6068 1.0 0.7
A -20.383 -34.6055 1.0 0.7
A -20.3788 -33.602 1.0 0.7
A -20.473 -32.6031 1.0 0.7
A -20.542 -31.6028 1.0 0.7
A -20.5898 -30.6028 1.0 0.7
A -20.6427 -29.6001 1.0 0.7
A -20.7149 -28.6006 1.0 0.7
A -20.8273 -27.6068 1.0 0.7
A -20.8898 -26.6079 1.0 0.7
A -20.9012 -25.6078 1.0 0.7
A -20.9202 -24.6042 1.0 0.7
A -20.9179 -23.6011 1.0 0.7
A -20.8946 -22.5998 1.0 0.7
A -20.8861 -21.5979 1.0 0.7
A -20.8637 -20.5967 1.0 0.7
A -20.8926 -19.596 1.0 0.7
A -20.9128 -18.5943 1.0 0.7
A -20.8571 -17.5949 1.0 0.7
A -20.7909 -16.5956 1.0 0.7
A -20.7523 -15.5946 1.0 0.7
A -20.7911 -14.5952 1.0 0.7
A -20.7841 -13.5937 1.0 0.7
A -20.6993 -12.5955 1.0 0.7
A -20.646 -11.5956 1.0 0.7
A -20.5708 -10.5976 1.0 0.7
A -20.5684 -9.59634 1.0 0.7
A -20.5703 -8.59434 1.0 0.7
A -20.646 -7.59623 1.0 0.7
A -20.6201 -6.59523 1.0 0.7
A -20.5937 -5.59323 1.0 0.7
A -20.5699 -4.59139 1.0 0.7
A -20.5379 -3.59016 1.0 0.7
A -20.5323 -2.58806 1.0 0.7
A -20.5517 -1.58812 1.0 0.7
A -20.5811 -0.586682 1.0 0.7
A -20.6014 0.413632 1.0 0.7
A -20.634 1.41554 1.0 0.7
A -20.6441 2.41684 1.0 0.7
A -20.6631 3.41747 1.0 0.7
A -20.6539 4.42079 1.0 0.7
A -20.586 5.41898 1.0 0.7
A -20.5289 6.41823 1.0 0.7
A -20.4477 7.41719 1.0 0.7
A -20.3176 8.41262 1.0 0.7
A -20.3139 9.41557 1.0 0.7
A -20.3093 10.4176 1.0 0.7
A -20.3097 11.4215 1.0 0.7
A -20.4288 12.4165 1.0 0.7
A -20.5179 13.416 1.0 0.7
A -20.6238 14.4138 1.0 0.7
A -21.2603 14.9622 1.0 0.7
A -22.2498 15.1136 1.0 0.7
A -23.2397 14.9713 1.0 0.7
A -24.238 14.8894 1.0 0.7
A -25.2372 14.8437 1.0 0.7
A -26.2389 14.8225 1.0 0.7
A -27.238 14.9004 1.0 0.7
A -28.2402 14.9526 1.0 0.7
A -29.2426 14.9138 1.0 0.7
A -30.2445 14.9335 1.0 0.7
A -31.2436 14.8839 1.0 0.7
A -32.2459 14.8582 1.0 0.7
A -33.2455 14.8873 1.0 0.7
A -34.2438 14.9884 1.0 0.7
A -35.244 15.0672 1.0 0.7
A -36.2468 15.0184 1.0 0.7
A -37.2459 14.955 1.0 0.7
A -38.2023 14.6606 1.0 0.7
A -39.1996 14.5578 1.0 0.7
A -40.1048 14.9829 1.0 0.7
A -41.071 15.2524 1.0 0.7
A -42.0727 15.2782 1.0 0.7
A -43.0732 15.3111 1.0 0.7
A -44.0764 15.3125 1.0 0.7
A -45.0768 15.2713 1.0 0.7
A -46.0852 15.2478 1.0 0.7
A -47.0863 15.2142 1.0 0.7
A -48.0886 15.1699 1.0 0.7
A -49.0888 15.1948 1.0 0.7
A -50.0823 15.3379 1.0 0.7
A -51.0744 15.1957 1.0 0.7
A -52.0776 15.1811 1.0 0.7
A -53.0754 15.2704 1.0 0.7
A -54.0756 15.2565 1.0 0.7
A -55.0788 15.2394 1.0 0.7
A -56.0789 15.2106 1.0 0.7
A -57.0816 15.2358 1.0 0.7
A -58.0814 15.285 1.0 0.7
A -59.0811 15.2246 1.0 0.7
A -60.0807 15.274 1.0 0.7
A -61.0782 15.3743 1.0 0.7
A -62.0774 15.4315 1.0 0.7
A -63.0786 15.3754 1.0 0.7
A -64.0812 15.4052 1.0 0.7
A -65.0819 15.4316 1.0 0.7
A -66.082 15.4735 1.0 0.7
A -67.0832 15.4769 1.0 0.7
A -68.0842 15.4756 1.0 0.7
A -69.087 15.4761 1.0 0.7
A -70.0902 15.469 1.0 0.7
A -71.0939 15.4725 1.0 0.7
A -72.0942 15.4836 1.0 0.7
A -73.0975 15.4814 1.0 0.7
A -74.0971 15.4479 1.0 0.7
A -75.0995 15.4274 1.0 0.7
A -76.1023 15.3949 1.0 0.7
A -77.1043 15.3652 1.0 0.7
A -78.1056 15.3382 1.0 0.7
A -79.1063 15.3208 1.0 0.7
A -80.1089 15.3075 1.0 0.7
A -81.1105 15.2944 1.0 0.7
A -82.1122 15.3162 1.0 0.7
A -83.1149 15.3097 1.0 0.7
A -84.1177 15.2866 1.0 0.7
A -85.118 15.2645 1.0 0.7
A -86.1194 15.2847 1.0 0.7
A -87.1188 15.3557 1.0 0.7
A -88.0929 15.5928 1.0 0.7
A -89.0943 15.6421 1.0 0.7
A -90.0943 15.6097 1.0 0.7
A -91.0962 15.548 1.0 0.7
A -92.0976 15.5246 1.0 0.7
A -93.0973 15.6125 1.0 0.7
A -94.0984 15.5944 1.0 0.7
A -95.0965 15.4897 1.0 0.7
A -96.097 15.4802 1.0 0.7
A -97.0989 15.4948 1.0 0.7
A -98.0991 15.5005 1.0 0.7
A -99.1016 15.5118 1.0 0.7
A -100.105 15.5026 1.0 0.7
A -101.105 15.4632 1.0 0.7
A -102.106 15.4297 1.0 0.7
A -103.106 15.4668 1.0 0.7
A -104.106 15.3799 1.0 0.7
A -105.101 15.2641 1.0 0.7
A -106.101 15.2069 1.0 0.7
A -107.104 15.1898 1.0 0.7
A -108.104 15.1949 1.0 0.7
A -109.106 15.1972 1.0 0.7
A -110.108 15.1612 1.0 0.7
A -111.111 15.1792 1.0 0.7
A -112.106 15.2874 1.0 0.7
A -113.1 15.4261 1.0 0.7
A -114.095 15.5307 1.0 0.7
A -115.095 15.5755 1.0 0.7
A -116.098 15.5436 1.0 0.7
A -117.1 15.5177 1.0 0.7
A -118.1 15.4686 1.0 0.7
A -119.102 15.4252 1.0 0.7
A -120.101 15.3738 1.0 0.7
A -121.102 15.3631 1.0 0.7
A -122.103 15.4124 1.0 0.7
A -123.105 15.4571 1.0 0.7
A -124.102 15.543 1.0 0.7
A -125.104 15.5779 1.0 0.7
A -126.105 15.5874 1.0 0.7
A -127.108 15.601 1.0 0.7
A -128.112 15.5915 1.0 0.7
A -129.114 15.5925 1.0 0.7
A -130.115 15.5918 1.0 0.7
A -130.842 15.9102 1.0 0.7
A -131.131 16.87 1.0 0.7
A -131.183 17.8707 1.0 0.7
A -131.2 18.8734 1.0 0.7
A -131.697 19.7404 1.0 0.7
A -132.655 20.027 1.0 0.7
A -133.628 20.264 1.0 0.7
A -134.626 20.359 1.0 0.7
A -135.63 20.347 1.0 0.7
A -136.626 20.2329 1.0 0.7
A -137.626 20.1725 1.0 0.7
A -138.593 20.4331 1.0 0.7
A -139.188 21.2393 1.0 0.7
A -139.254 22.2375 1.0 0.7
A -139.144 23.2326 1.0 0.7
A -139.005 24.2238 1.0 0.7
A -138.862 25.2145 1.0 0.7
A -138.707 26.2056 1.0 0.7
A -138.53 27.1901 1.0 0.7
A -138.139 28.1121 1.0 0.7
A -137.408 28.7979 1.0 0.7
A -136.548 29.3136 1.0 0.7
A -135.679 29.8402 1.0 0.7
A -134.825 30.3654 1.0 0.7
A -133.985 30.9134 1.0 0.7
A -133.281 31.6274 1.0 0.7
A -132.794 32.5033 1.0 0.7
A -132.55 33.4767 1.0 0.7
A -132.612 34.4775 1.0 0.7
A -132.69 35.4772 1.0 0.7
A -132.749 36.4788 1.0 0.7
A -132.828 37.4778 1.0 0.7
A -133.069 38.4494 1.0 0.7
A -133.469 39.3703 1.0 0.7
A -133.77 40.3308 1.0 0.7
A -133.839 41.331 1.0 0.7
A -133.959 42.3277 1.0 0.7
A -134.076 43.3247 1.0 0.7
A -134.216 44.3214 1.0 0.7
A -134.355 45.3127 1.0 0.7
A -134.501 46.3056 1.0 0.7
A -134.51 47.3094 1.0 0.7
A -134.522 48.3112 1.0 0.7
A -134.589 49.3117 1.0 0.7
A -134.648 50.312 1.0 0.7
A -134.694 51.3129 1.0 0.7
A -134.567 52.306 1.0 0.7
A -134.456 53.302 1.0 0.7
A -134.544 54.301 1.0 0.7
A -134.505 55.3038 1.0 0.7
A -134.567 56.3045 1.0 0.7
A -134.687 57.2987 1.0 0.7
A -134.713 58.3014 1.0 0.7
A -134.734 59.3039 1.0 0.7
A -134.747 60.3042 1.0 0.7
A -134.752 61.3048 1.0 0.7
A -134.844 62.3014 1.0 0.7
A -135.629 62.777 1.0 0.7
A -136.631 62.7641 1.0 0.7
A -137.63 62.8215 1.0 0.7
A -138.631 62.8766 1.0 0.7
A -139.634 62.9147 1.0 0.7
A -140.633 62.9536 1.0 0.7
A -141.635 63.0138 1.0 0.7
A -142.637 63.0505 1.0 0.7
A -143.641 63.059 1.0 0.7
A -144.644 63.0621 1.0 0.7
A -145.644 63.008 1.0 0.7
A -146.644 62.9202 1.0 0.7
A -147.637 62.7802 1.0 0.7
A -148.603 62.5211 1.0 0.7
A -149.557 62.2206 1.0 0.7
A -150.49 61.8597 1.0 0.7
A -150.926 60.9571 1.0 0.7
A -150.976 59.9564 1.0 0.7
A -150.873 58.9549 1.0 0.7
A -150.771 57.9588 1.0 0.7
A -150.791 56.9579 1.0 0.7
A -150.82 55.9562 1.0 0.7
A -150.772 54.9759 1.0 0.7
A -149.776 54.881 1.0 0.7
A -148.773 54.864 1.0 0.7
A -147.773 54.8831 1.0 0.7
A -146.772 54.8995 1.0 0.7
A -145.769 54.9035 1.0 0.7
A -144.767 54.8794 1.0 0.7
A -143.767 54.8376 1.0 0.7
A -142.766 54.841 1.0 0.7
A -141.763 54.829 1.0 0.7
A -141.006 54.7973 1.0 0.7
A -141.01 53.797 1.0 0.7
A -141.033 52.794 1.0 0.7
A -141.031 51.7922 1.0 0.7
A -140.845 50.8068 1.0 0.7
A -140.682 49.818 1.0 0.7
A -140.724 48.8167 1.0 0.7
A -140.819 47.8175 1.0 0.7
A -140.867 46.8183 1.0 0.7
A -140.825 45.8161 1.0 0.7
A -140.799 44.8161 1.0 0.7
A -140.791 43.816 1.0 0.7
A -140.778 42.8154 1.0 0.7
A -140.776 41.8151 1.0 0.7
A -140.752 40.8124 1.0 0.7
A -140.725 39.8127 1.0 0.7
A -140.965 38.8398 1.0 0.7
A -141.333 37.9076 1.0 0.7
A -141.716 36.9819 1.0 0.7
A -142.11 36.0618 1.0 0.7
A -142.498 35.1358 1.0 0.7
A -142.874 34.208 1.0 0.7
A -143.252 33.2818 1.0 0.7
A -143.659 32.3645 1.0 0.7
A -144.14 31.484 1.0 0.7
A -144.658 30.6272 1.0 0.7
A -145.149 29.7523 1.0 0.7
A -145.651 28.8856 1.0 0.7
A -146.148 28.016 1.0 0.7
A -146.657 27.1538 1.0 0.7
A -147.294 26.3816 1.0 0.7
A -148.29 26.2969 1.0 0.7
A -149.291 26.3263 1.0 0.7
A -150.292 26.3409 1.0 0.7
A -151.295 26.3547 1.0 0.7
A -152.295 26.3223 1.0 0.7
A -153.283 26.1617 1.0 0.7
A -154.283 26.1569 1.0 0.7
A -155.254 25.9136 1.0 0.7
A -156.071 25.3366 1.0 0.7
A -156.997 24.9508 1.0 0.7
A -157.996 24.8946 1.0 0.7
A -158.996 24.9015 1.0 0.7
A -159.996 24.8352 1.0 0.7
A -160.994 24.7491 1.0 0.7
A -161.996 24.7994 1.0 0.7
A -162.997 24.8355 1.0 0.7
A -164 24.8711 1.0 0.7
A -165.002 24.9014 1.0 0.7
A -166.003 24.9232 1.0 0.7
A -167.005 24.9422 1.0 0.7
A -168.008 24.9513 1.0 0.7
A -169.011 24.9591 1.0 0.7
A -170.012 24.9722 1.0 0.7
A -170.416 25.3898 1.0 0.7
A -170.433 26.3916 1.0 0.7
A -170.421 27.3917 1.0 0.7
A -170.332 28.3904 1.0 0.7
A -170.355 29.3906 1.0 0.7
A -170.376 30.3925 1.0 0.7
A -170.405 31.3933 1.0 0.7
A -170.435 32.3942 1.0 0.7
A -170.475 33.3943 1.0 0.7
A -170.513 34.3959 1.0 0.7
A -170.555 35.3978 1.0 0.7
A -170.47 36.3954 1.0 0.7
A -170.4 37.3959 1.0 0.7
A -170.336 38.3978 1.0 0.7
A -170.278 39.3986 1.0 0.7
A -170.286 40.4003 1.0 0.7
A -170.321 41.3999 1.0 0.7
A -170.267 42.4011 1.0 0.7
A -170.226 43.401 1.0 0.7
A -170.16 44.3998 1.0 0.7
A -170.121 45.4001 1.0 0.7
A -169.848 46.3642 1.0 0.7
A -169.371 47.2462 1.0 0.7
A -168.698 47.9862 1.0 0.7
A -168.034 48.7384 1.0 0.7
A -167.366 49.4836 1.0 0.7
A -166.71 50.2405 1.0 0.7
A -166.052 50.9958 1.0 0.7
A -165.267 51.6176 1.0 0.7
A -164.487 52.2446 1.0 0.7
A -163.695 52.8604 1.0 0.7
A -162.954 53.537 1.0 0.7
A -162.252 54.2536 1.0 0.7
A -161.483 54.8936 1.0 0.7
A -160.736 55.5577 1.0 0.7
A -159.991 56.2278 1.0 0.7
A -159.265 56.9189 1.0 0.7
A -158.534 57.6027 1.0 0.7
A -157.801 58.2843 1.0 0.7
A -157.048 58.9431 1.0 0.7
A -156.326 59.6363 1.0 0.7
A -155.589 60.3169 1.0 0.7
A -154.848 60.992 1.0 0.7
A -154.133 61.693 1.0 0.7
A -153.419 62.3948 1.0 0.7
A -152.448 62.65 1.0 0.7
A -151.452 62.7732 1.0 0.7
A -150.459 62.8942 1.0 0.7
A -149.464 63.007 1.0 0.7
A -148.471 63.1256 1.0 0.7
A -147.473 63.2144 1.0 0.7
A -146.477 63.3397 1.0 0.7
A -145.483 63.4541 1.0 0.7
A -144.485 63.5331 1.0 0.7
A -143.482 63.5698 1.0 0.7
A -142.481 63.6076 1.0 0.7
A -141.48 63.6352 1.0 0.7
A -140.482 63.7297 1.0 0.7
A -139.483 63.8262 1.0 0.7
A -138.484 63.8684 1.0 0.7
A -137.485 63.9146 1.0 0.7
A -136.481 63.9424 1.0 0.7
A -135.48 63.9986 1.0 0.7
A -134.479 64.0429 1.0 0.7
A -133.476 64.0516 1.0 0.7
A -132.473 64.0639 1.0 0.7
A -131.474 64.1179 1.0 0.7
A -130.475 64.2067 1.0 0.7
A -129.478 64.321 1.0 0.7
A -128.476 64.322 1.0 0.7
A -127.476 64.3654 1.0 0.7
A -126.476 64.385 1.0 0.7
A -125.466 64.3971 1.0 0.7
A -124.466 64.4252 1.0 0.7
A -123.463 64.3917 1.0 0.7
A -122.461 64.3877 1.0 0.7
A -121.458 64.386 1.0 0.7
A -120.457 64.4085 1.0 0.7
A -119.47 64.5894 1.0 0.7
A -118.475 64.7139 1.0 0.7
A -117.479 64.8312 1.0 0.7
A -116.483 64.9401 1.0 0.7
A -115.489 65.0571 1.0 0.7
A -114.491 65.1251 1.0 0.7
A -113.494 65.0395 1.0 0.7
A -112.492 65.0888 1.0 0.7
A -111.492 65.0694 1.0 0.7
A -110.491 65.0812 1.0 0.7
A -109.491 65.1042 1.0 0.7
A -108.494 65.1962 1.0 0.7
A -107.495 65.2594 1.0 0.7
A -106.492 65.2713 1.0 0.7
A -105.489 65.266 1.0 0.7
A -104.486 65.253 1.0 0.7
A -103.483 65.2271 1.0 0.7
A -102.481 65.2361 1.0 0.7
A -101.481 65.2565 1.0 0.7
A -100.48 65.2482 1.0 0.7
A -99.4763 65.1737 1.0 0.7
A -98.4769 65.1247 1.0 0.7
A -97.4749 65.0765 1.0 0.7
A -96.4759 65.0162 1.0 0.7
A -95.4776 64.9572 1.0 0.7
A -94.4764 64.8865 1.0 0.7
A -93.4752 64.8145 1.0 0.7
A -92.4762 64.7657 1.0 0.7
A -91.4738 64.718 1.0 0.7
A -90.4728 64.6828 1.0 0.7
A -89.4709 64.6401 1.0 0.7
A -88.4688 64.6274 1.0 0.7
A -87.4673 64.6085 1.0 0.7
A -86.4648 64.6149 1.0 0.7
A -85.4633 64.5918 1.0 0.7
A -84.4605 64.5943 1.0 0.7
A -83.4583 64.5966 1.0 0.7
A -82.4585 64.6772 1.0 0.7
A -81.4575 64.7059 1.0 0.7
A -80.4571 64.7208 1.0 0.7
A -79.4569 64.7116 1.0 0.7
A -78.4533 64.6952 1.0 0.7
A -77.4503 64.6865 1.0 0.7
A -76.4488 64.6788 1.0 0.7
A -75.4451 64.6585 1.0 0.7
A -74.4418 64.6587 1.0 0.7
A -73.4398 64.6433 1.0 0.7
A -72.4393 64.6332 1.0 0.7
A -71.4362 64.608 1.0 0.7
A -70.435 64.5836 1.0 0.7
A -69.4329 64.5772 1.0 0.7
A -68.4302 64.5609 1.0 0.7
A -67.4276 64.5441 1.0 0.7
A -66.4248 64.5382 1.0 0.7
A -65.4229 64.5412 1.0 0.7
A -64.4225 64.549 1.0 0.7
A -63.4227 64.5767 1.0 0.7
A -62.4206 64.5909 1.0 0.7
A -61.4186 64.6003 1.0 0.7
A -60.4179 64.6105 1.0 0.7
A -59.4184 64.5475 1.0 0.7
A -58.5912 63.9853 1.0 0.7
A -58.3114 63.0231 1.0 0.7
A -58.0139 62.0683 1.0 0.7
A -57.457 61.235 1.0 0.7
A -56.4681 61.072 1.0 0.7
A -55.4657 61.0322 1.0 0.7
A -54.4664 61.0883 1.0 0.7
A -53.4663 61.1325 1.0 0.7
A -52.465 61.1476 1.0 0.7
A -51.4709 61.0227 1.0 0.7
A -50.4729 60.9557 1.0 0.7
A -49.473 60.9362 1.0 0.7
A -48.4723 60.9005 1.0 0.7
A -47.4725 60.8598 1.0 0.7
A -46.469 60.8252 1.0 0.7
A -45.4683 60.7894 1.0 0.7
A -44.4678 60.7567 1.0 0.7
A -43.4674 60.7331 1.0 0.7
A -42.4653 60.7792 1.0 0.7
A -41.4668 60.8511 1.0 0.7
A -40.4651 60.8347 1.0 0.7
A -39.4632 60.8372 1.0 0.7
A -38.4609 60.8068 1.0 0.7
A -37.462 60.7549 1.0 0.7
A -36.945 60.4192 1.0 0.7
A -36.819 59.4239 1.0 0.7
A -36.8729 58.4233 1.0 0.7
A -37.0492 57.4366 1.0 0.7
A -37.1907 56.4444 1.0 0.7
A -37.2194 55.4432 1.0 0.7
A -37.2362 54.4397 1.0 0.7
A -37.2604 53.439 1.0 0.7
A -37.2667 52.4385 1.0 0.7
A -37.2863 51.4353 1.0 0.7
A -37.3221 50.4344 1.0 0.7
A -37.3557 49.4325 1.0 0.7
A -37.3646 48.4303 1.0 0.7
A -37.4036 47.4288 1.0 0.7
A -37.4261 46.428 1.0 0.7
A -37.4547 45.426 1.0 0.7
A -37.4787 44.4254 1.0 0.7
A -37.4854 43.4243 1.0 0.7
A -37.4258 42.4239 1.0 0.7
A -37.3645 41.4238 1.0 0.7
A -37.288 40.4267 1.0 0.7
A -37.2081 39.426 1.0 0.7
A -37.1474 38.4264 1.0 0.7
A -37.0789 37.4265 1.0 0.7
A -37.0072 36.429 1.0 0.7
A -36.9426 35.4286 1.0 0.7
A -36.87 34.43 1.0 0.7
A -36.7978 33.43 1.0 0.7
A -36.7072 32.4322 1.0 0.7
A -36.2054 31.8482 1.0 0.7
A -35.2061 31.7838 1.0 0.7
A -34.2043 31.7448 1.0 0.7
A -33.212 31.6141 1.0 0.7
A -32.2197 31.4631 1.0 0.7
A -31.2253 31.3537 1.0 0.7
A -30.2699 31.0476 1.0 0.7
A -29.2804 30.8785 1.0 0.7
A -28.2786 30.8923 1.0 0.7
A -27.2799 30.8101 1.0 0.7
A -26.2815 30.7137 1.0 0.7
A -25.2438 30.6889 1.0 0.7
A -24.2437 30.7217 1.0 0.7
A -23.2435 30.6843 1.0 0.7
A -22.2439 30.6463 1.0 0.7
A -21.2429 30.594 1.0 0.7
A -20.2431 30.525 1.0 0.7
A -19.2414 30.5378 1.0 0.7
A -18.2379 30.5622 1.0 0.7
A -17.2453 30.42 1.0 0.7
A -16.2879 30.1264 1.0 0.7
A -15.3294 29.8313 1.0 0.7
A -14.3539 29.6021 1.0 0.7
A -13.3537 29.533 1.0 0.7
A -12.3575 29.4299 1.0 0.7
A -11.356 29.4531 1.0 0.7
A -10.3547 29.4823 1.0 0.7
A -9.35378 29.4647 1.0 0.7
A -8.35061 29.4348 1.0 0.7
A -7.35794 29.2951 1.0 0.7
A -6.36842 29.1364 1.0 0.7
A -5.36958 29.0507 1.0 0.7
A -4.37295 28.928 1.0 0.7
A -3.36973 28.9261 1.0 0.7
A -2.37047 28.8492 1.0 0.7
A -1.37985 28.6927 1.0 0.7
A -0.379571 28.6273 1.0 0.7
