A 0 -0 2 2 0 0.7
A 7.8 0.1 2.07 1.98 0 0.7
A 7.6 -14.7 2 2 0 0.7
A -16.1 -14.5 2 2 0 0.7
A -15.9 -26.9 2 2 0 0.7
A -15.3 -40.9 2 2 0 0.7
A -30.1 -40.8 2 2 0 0.7
A -44.6 -40.7 2 2 0 0.7
A -59.3 -40.5 2 2 0 0.7
A -60.9 -43 2 2 0 0.7
A -63.3 -44 2 2 0 0.7
A -78.1 -43.9 2 2 0 0.7
A -79.4 -42.4 2 2 0 0.7
A -85.4 -42.2 2 2 0 0.7
A -92.2 -42.2 2 2 0 0.7
A -94.4 -43.2 2 2 0 0.7
A -100.2 -42.5 2 2 0 0.7
A -127.4 -42 2 2 0 0.7
A -134 -42.3 2 2 0 0.7
A -142 -42.2 2 2 0 0.7
A -161 -42.4 2 2 0 0.7
A -167.6 -43.8 2 2 0 0.4
A -175.5 -44.1 2 2 0 0.7
A -196.6 -44.5 2 2 0 0.7
A -218.1 -43.6 2 2 0 0.4
A -225.7 -43.4 2 2 0 0.7
A -237.5 -44 2 2 0 0.7
A -270.8 -43.6 2 2 0 0.7
A -290.2 -43.5 2 2 0 0.7
A -301.8 -44.2 2 2 0 0.7
C -310.1 -44.2 3.03 4.48 0 0.5
C -310.1 -47.9 2.89 4.52 0 0.5
C -310.2 -53.8 2.83 4.54 0 0.5
C -310.1 -60.5 3.06 4.22 0 0.5
C -310.1 -66.3 3.2 4.36 0 0.5
C -310 -71.8 3.2 4.33 0 0.5
C -310 -77 4.19 2.5 0 0.5
C -318.3 -77.1 3.39 6.03 0 0.5
C -318.2 -70.3 3.39 6.02 0 0.5
C -318.1 -64.5 3.25 6.12 0 0.5
C -318 -56.3 3.2 6.01 0 0.5
A -318 -46.6 2 1.38 0 0.7
A -315.5 -44.3 2 2 0 0.7
A -315.4 -36.9 2 2 0 0.7
A -333.4 -36.5 2 2 0 0.7
A -346.3 -36.6 2 2 0 0.7
A -353 -36.3 2 2 0 0.7
A -353.9 -30.8 2 2 0 0.7
C -354.9 -27.7 1.51 2.35 0 0.5
C -354.9 -23 1.58 3.95 0 0.5
C -355 -15.9 1.66 3.96 0 0.5
C -355 -10.1 2 2 0 0.5
C -363.6 -10 3.47 2 0 0.5
C -364.1 -18.7 3.18 2 0 0.5
C -364.3 -27 2 2 0 0.5
C -374.5 -26.9 4.51 2 0 0.5
C -374.6 -19.3 2.7 2.13 0 0.5
C -374.4 -12.1 2.7 2.13 0 0.5
C -374.3 -5.4 2.66 2.16 0 0.5
C -374.4 -0.4 2.67 2.02 0 0.5
C -374.3 6.6 2.69 2.02 0 0.5
C -374.4 11.9 2.69 2 0 0.5
C -374.7 18.5 2 2 0.03 0.5
C -374.5 25.3 1.93 2 0 0.5
C -374.3 30.9 0.4 2 0 0.5
C -374.3 33.7 2 2 0 0.5
C -374.3 40.7 2 2 0 0.5
C -367.4 40.5 2.86 2.56 0 0.5
C -367.5 35 2.94 2 0 0.5
C -367.4 31.4 3.99 3.74 0 0.5
C -365.8 26.9 3.2 6.95 0 0.5
C -360.3 24.4 2 6.47 0 0.5
C -354.7 21.9 1.34 6.86 0 0.5
C -349.4 17.7 1.99 1.72 0 0.5
C -342.9 17.8 2.5 1.7 0 0.5
C -335.3 18.6 1.42 1.72 0 0.5
C -325.4 23.9 1.44 2 0 0.5
C -314.1 27.5 1.91 2.1 0 0.5
C -304.7 27.8 2.2 6.2 0 0.5
C -294.9 27.9 3.65 5 0 0.5
C -287.7 28 5.93 5 0 0.5
C -281.3 28 5.96 5.54 0 0.5
C -273.8 27.7 4.62 5.27 0 0.5
C -266 27 2 2.69 0 0.5
C -260.4 26.8 2 2 0 0.5
C -260.7 18.8 2 1.48 0 0.5
C -268.9 19.1 8.01 7.73 0 0.5
C -268.9 9.7 2.88 1.08 0 0.5
C -273.9 9.8 2.84 2.41 0 0.5
C -273.8 0.8 4.31 3.57 0 0.5
C -264.8 0.9 4.49 4.48 0 0.5
C -264.6 -9.9 5.34 0.89 0 0.5
C -275.2 -10.8 2.71 5.88 0 0.5
C -281.2 -11.4 1.74 2.45 0 0.5
C -291.9 -12.6 1.13 1.31 0 0.5
C -302.7 -14.5 2 2 0 0.5
C -303.6 -20.3 2 2 0 0.5
C -303.3 -27.8 2.5 6.74 0 0.5
C -291.9 -27.9 2.21 6.45 0 0.5
C -284.5 -27.9 2.2 10.2 0 0.5
C -277.1 -27.8 2.14 1.58 0 0.5
C -268.1 -27.8 2.4 1.63 0 0.5
A -259.4 -27.5 0.66 1.4 0 0.7
A -259.1 -32.6 1.23 1.66 0 0.7
A -259.2 -37.5 2 2 0 0.7
A -244.4 -37.8 2 2 0 0.7
A -234.1 -37.8 2 2 0 0.7
A -225.3 -38 2 2 0 0.4
A -221.7 -40.1 2 2 0 0.4
A -218.6 -40 2 2 0 0.7
A -210 -39.9 2 2 0 0.7
A -196.6 -39.6 2 2 0 0.7
A -185.4 -40.2 2 2 0 0.7
A -174.1 -40.4 2 2 0 0.4
A -168.2 -40.2 2 2 0 0.4
A -156.7 -40 2 2 0 0.7
A -145.4 -40.6 2 2 0 0.7
A -133.9 -40.7 2 2 0 0.7
A -125.4 -40.6 2 2 0 0.7
A -115.2 -40.4 2 2 0 0.7
A -104.6 -40.7 2 2 0 0.7
A -99 -36.9 2 2 0 0.7
A -90.4 -37 2 2 0 0.7
A -81.5 -36.8 2 2 0 0.7
A -72.6 -37 2 2 0 0.7
A -64.1 -37.2 2 2 0 0.7
A -54.7 -37.6 2 2 0 0.7
A -45.7 -37.6 2 2 0 0.7
A -35.4 -37.8 2 2 0 0.7
A -28.4 -37.7 2 2 0 0.7
A -20.4 -36.9 2 2 0 0.7
A -20.8 -31.6 2 2 0 0.7
A -20.7 -15 2 2 0 0.4
A -20.6 -4.8 2 2 0 0.4
A -20.5 6.1 2 2 0 0.7
A -20.4 15.2 2 2 0 0.7
A -32.1 14.9 2 2 0 0.7
A -41.3 15 2 2 0 0.7
A -56 15.3 2 2 0 0.7
A -67.7 15.6 2 2 0 0.7
A -79.5 15.3 2 2 0 0.7
C -97.1 15.9 1.6 2.38 0 0.5
A -102 16 2 2 0 0.7
C -114.7 15.4 2 0.57 0 0.5
C -123.9 15.3 2 0.96 0 0.5
C -130.9 15.4 2 2 0 0.5
C -131.1 20 2 2 0 0.5
C -139 20.4 2 1.94 0 0.5
C -139 26.2 1.46 1.52 0 0.5
C -136.1 30 2 2 0 0.5
C -131.8 31.8 2 2 0 0.5
C -132.5 37.6 2 0.75 0 0.5
C -134.4 45.6 2 1.48 0 0.5
C -134.6 53.6 2 0.98 0 0.5
C -134.7 63.2 2.52 2.75 0 0.5
C -142.9 63 2.52 2.27 0 0.5
C -151 62.7 2.52 2.75 0 0.5
C -151.1 54.7 1.15 1.46 0 0.5
A -141.2 54.7 0.54 0.57 0 0.5
C -141.1 39.2 0.75 0.33 0 0.5
C -143.5 32.6 0.98 0.33 0 0.5
C -147.1 26 1.7 0.49 0 0.5
C -154.5 26.2 1.56 0.57 0 0.5
C -157.4 24.8 1.82 0.41 0 0.5
C -163.4 24.8 1.85 0.36 0 0.5
C -170.6 24.9 1.32 1.11 0 0.5
C -170.5 34.5 1.44 1.17 0 0.5
C -170.4 40.2 1.44 1.17 0 0.5
C -170.3 45.7 2 1.19 0 0.5
C -164.9 52.2 2 1.14 0 0.5
C -159.3 57.2 2 1.18 0 0.5
C -153.3 62.9 1.95 2 0 0.5
C -144.5 63.8 1.93 1.42 0 0.5
C -136.1 64 0.78 1.42 0 0.5
A -128.1 64.2 1.6 1.27 0 0.7
A -112.4 64.9 1.27 2 0 0.7
A -96.1 64.9 1.21 1.66 0 0.7
A -80.1 64.7 1.19 1.6 0 0.7
A -68.9 64.6 1.24 2 0 0.7
A -62.7 64.6 1.24 2 0 0.7
C -58.9 64.6 0.36 2.7 0 0.7
A -57 60.8 2 2 0 0.7
A -49.4 60.9 2 2 0 0.7
A -43.5 60.8 2 2 0 0.7
A -36.7 60.9 2 2 0 0.7
A -37.3 52.8 2 2 0 0.7
A -37.4 36.1 2 2 0 0.3
A -37.5 31.6 2 2 0 0.3
I -33 31.6 2 2 0 0.3
A 0.1 31.4 2 2 0 0.3
